S,I,R
1.0,0.0,0.0
0.99999984375,1.5625e-07,0.0
0.9999996875,2.0833333333333333e-07,1.0416666666666667e-07
0.9999994791666668,2.0833333333333333e-07,3.125e-07
0.999999375,1.0416666666666667e-07,5.208333333333334e-07
0.999999375,0.0,6.25e-07
0.999999375,0.0,6.25e-07
0.999999375,0.0,6.25e-07
0.999999375,0.0,6.25e-07
0.999999375,0.0,6.25e-07
0.9999992708333333,1.0416666666666667e-07,6.25e-07
0.9999991666666667,1.0416666666666667e-07,7.291666666666667e-07
0.9999990625,1.0416666666666667e-07,8.333333333333333e-07
0.9999989583333333,1.0416666666666667e-07,9.375e-07
0.9999988541666667,1.0416666666666667e-07,1.0416666666666667e-06
0.99999875,1.0416666666666667e-07,1.1458333333333333e-06
0.99999875,0.0,1.25e-06
0.99999875,0.0,1.25e-06
0.9999986458333333,1.0416666666666667e-07,1.25e-06
0.9999984375,2.0833333333333333e-07,1.3541666666666665e-06
0.9999982291666667,2.0833333333333333e-07,1.5625e-06
0.999998125,1.0416666666666667e-07,1.7708333333333335e-06
0.999998125,0.0,1.875e-06
0.999998125,0.0,1.875e-06
0.9999980208333333,1.0416666666666667e-07,1.875e-06
0.9999978125,2.0833333333333333e-07,1.9791666666666666e-06
0.9999972916666667,5.208333333333334e-07,2.1875e-06
0.9999966666666668,6.25e-07,2.708333333333333e-06
0.9999959375,7.291666666666667e-07,3.3333333333333333e-06
0.9999954166666667,5.208333333333334e-07,4.0625e-06
0.999995,4.1666666666666667e-07,4.583333333333333e-06
0.9999945833333332,4.1666666666666667e-07,5e-06
0.9999941666666667,4.1666666666666667e-07,5.416666666666666e-06
0.9999934375,7.291666666666667e-07,5.833333333333334e-06
0.9999923958333333,1.0416666666666667e-06,6.5625e-06
0.9999903125,2.0833333333333334e-06,7.6041666666666666e-06
0.999986875,3.4375e-06,9.6875e-06
0.9999822916666667,4.583333333333333e-06,1.3125e-05
0.9999780208333333,4.270833333333333e-06,1.770833333333333e-05
0.9999746875,3.3333333333333333e-06,2.1979166666666664e-05
0.9999711458333332,3.541666666666667e-06,2.53125e-05
0.9999671875,3.958333333333333e-06,2.8854166666666666e-05
0.9999639583333333,3.229166666666667e-06,3.28125e-05
0.9999626041666667,1.3541666666666665e-06,3.6041666666666664e-05
0.9999625,1.0416666666666667e-07,3.739583333333333e-05
0.9999625,0.0,3.75e-05
0.9999622916666667,2.0833333333333333e-07,3.75e-05
0.999961875,4.1666666666666667e-07,3.770833333333333e-05
0.9999611458333333,7.291666666666667e-07,3.8125e-05
0.9999602083333333,9.375e-07,3.8854166666666665e-05
0.999959375,8.333333333333333e-07,3.979166666666667e-05
0.9999588541666667,5.208333333333334e-07,4.0625e-05
0.9999582291666668,6.25e-07,4.114583333333333e-05
0.9999569791666667,1.25e-06,4.177083333333333e-05
0.9999542708333333,2.708333333333333e-06,4.302083333333333e-05
0.9999508333333332,3.4375e-06,4.572916666666667e-05
0.9999478125,3.0208333333333334e-06,4.916666666666667e-05
0.9999453125,2.5e-06,5.21875e-05
0.9999432291666667,2.0833333333333334e-06,5.46875e-05
0.9999411458333333,2.0833333333333334e-06,5.677083333333333e-05
0.9999394791666667,1.6666666666666667e-06,5.885416666666667e-05
0.9999379166666668,1.5625e-06,6.052083333333333e-05
0.9999364583333333,1.4583333333333335e-06,6.208333333333333e-05
0.9999353125,1.1458333333333333e-06,6.354166666666668e-05
0.9999347916666668,5.208333333333334e-07,6.46875e-05
0.99993375,1.0416666666666667e-06,6.520833333333332e-05
0.9999326041666667,1.1458333333333333e-06,6.625e-05
0.9999315625,1.0416666666666667e-06,6.739583333333333e-05
0.99993125,3.125e-07,6.84375e-05
0.9999311458333333,1.0416666666666667e-07,6.875e-05
0.999930625,5.208333333333334e-07,6.885416666666668e-05
0.99993,6.25e-07,6.9375e-05
0.9999291666666668,8.333333333333333e-07,7e-05
0.9999284375,7.291666666666667e-07,7.083333333333332e-05
0.9999275,9.375e-07,7.15625e-05
0.9999265625,9.375e-07,7.25e-05
0.9999255208333333,1.0416666666666667e-06,7.34375e-05
0.9999241666666667,1.3541666666666665e-06,7.447916666666666e-05
0.9999219791666667,2.1875e-06,7.583333333333332e-05
0.9999191666666667,2.8125e-06,7.802083333333333e-05
0.9999161458333333,3.0208333333333334e-06,8.083333333333334e-05
0.9999132291666667,2.916666666666667e-06,8.385416666666666e-05
0.9999095833333332,3.6458333333333333e-06,8.677083333333334e-05
0.9999054166666668,4.166666666666667e-06,9.041666666666666e-05
0.9999008333333332,4.583333333333333e-06,9.458333333333333e-05
0.9998973958333333,3.4375e-06,9.916666666666666e-05
0.9998942708333333,3.125e-06,0.00010260416666666666
0.9998921875,2.0833333333333334e-06,0.00010572916666666666
0.9998903125,1.875e-06,0.0001078125
0.9998891666666667,1.1458333333333333e-06,0.0001096875
0.9998882291666668,9.375e-07,0.00011083333333333333
0.9998875,7.291666666666667e-07,0.00011177083333333334
0.999886875,6.25e-07,0.0001125
0.9998860416666667,8.333333333333333e-07,0.000113125
0.999885,1.0416666666666667e-06,0.00011395833333333334
0.9998839583333333,1.0416666666666667e-06,0.000115
0.999883125,8.333333333333333e-07,0.00011604166666666666
0.9998825,6.25e-07,0.000116875
0.9998819791666668,5.208333333333334e-07,0.0001175
0.9998815625,4.1666666666666667e-07,0.00011802083333333334
0.9998811458333333,4.1666666666666667e-07,0.0001184375
0.9998807291666667,4.1666666666666667e-07,0.00011885416666666666
0.9998803125,4.1666666666666667e-07,0.00011927083333333334
0.9998798958333333,4.1666666666666667e-07,0.0001196875
0.999879375,5.208333333333334e-07,0.00012010416666666666
0.9998785416666667,8.333333333333333e-07,0.000120625
0.9998778125,7.291666666666667e-07,0.00012145833333333334
0.9998769791666667,8.333333333333333e-07,0.0001221875
0.9998763541666668,6.25e-07,0.00012302083333333333
0.999875625,7.291666666666667e-07,0.00012364583333333333
0.999875,6.25e-07,0.000124375
0.9998744791666667,5.208333333333334e-07,0.000125
0.9998738541666667,6.25e-07,0.00012552083333333333
0.9998732291666668,6.25e-07,0.00012614583333333333
0.9998725,7.291666666666667e-07,0.00012677083333333334
0.9998715625,9.375e-07,0.0001275
0.9998705208333333,1.0416666666666667e-06,0.0001284375
0.999869375,1.1458333333333333e-06,0.00012947916666666666
0.9998684375,9.375e-07,0.000130625
0.9998673958333333,1.0416666666666667e-06,0.0001315625
0.99986625,1.1458333333333333e-06,0.00013260416666666667
0.9998647916666668,1.4583333333333335e-06,0.00013375
0.9998622916666667,2.5e-06,0.00013520833333333334
0.9998588541666668,3.4375e-06,0.00013770833333333335
0.999855,3.854166666666667e-06,0.00014114583333333335
0.9998516666666667,3.3333333333333333e-06,0.000145
0.9998484375,3.229166666666667e-06,0.00014833333333333335
0.9998452083333332,3.229166666666667e-06,0.0001515625
0.9998425,2.708333333333333e-06,0.00015479166666666666
0.9998404166666667,2.0833333333333334e-06,0.0001575
0.9998386458333333,1.7708333333333335e-06,0.00015958333333333333
0.9998366666666667,1.9791666666666666e-06,0.0001613541666666667
0.9998338541666667,2.8125e-06,0.0001633333333333333
0.99983,3.854166666666667e-06,0.00016614583333333333
0.9998252083333333,4.791666666666667e-06,0.00017
0.9998204166666668,4.791666666666667e-06,0.00017479166666666668
0.999814375,6.041666666666667e-06,0.00017958333333333333
0.9998080208333333,6.354166666666667e-06,0.000185625
0.999800625,7.395833333333334e-06,0.0001919791666666667
0.9997938541666667,6.770833333333334e-06,0.000199375
0.9997813541666667,1.25e-05,0.00020614583333333333
0.9997654166666667,1.59375e-05,0.00021864583333333333
0.9997472916666668,1.8125e-05,0.00023458333333333333
0.9997305208333332,1.6770833333333332e-05,0.0002527083333333333
0.9997136458333333,1.6875e-05,0.0002694791666666667
0.9996936458333333,2e-05,0.0002863541666666667
0.9996733333333333,2.03125e-05,0.0003063541666666667
0.9996515625,2.1770833333333335e-05,0.0003266666666666666
0.9996297916666668,2.1770833333333335e-05,0.0003484375
0.999606875,2.2916666666666664e-05,0.00037020833333333334
0.9995832291666668,2.3645833333333333e-05,0.000393125
0.999559375,2.3854166666666666e-05,0.00041677083333333334
0.9995365625,2.28125e-05,0.000440625
0.9995161458333333,2.0416666666666664e-05,0.0004634375
0.9995001041666667,1.6041666666666666e-05,0.00048385416666666667
0.9994879166666667,1.21875e-05,0.0004998958333333333
0.9994791666666667,8.75e-06,0.0005120833333333334
0.9994720833333333,7.083333333333334e-06,0.0005208333333333333
0.9994659375,6.145833333333334e-06,0.0005279166666666667
0.99946,5.9375e-06,0.0005340625
0.9994538541666668,6.145833333333334e-06,0.00054
0.9994483333333333,5.520833333333334e-06,0.0005461458333333334
0.9994434375,4.895833333333333e-06,0.0005516666666666667
0.9994394791666668,3.958333333333333e-06,0.0005565625
0.999435625,3.854166666666667e-06,0.0005605208333333333
0.9994325,3.125e-06,0.000564375
0.9994296875,2.8125e-06,0.0005675
0.9994277083333333,1.9791666666666666e-06,0.0005703125
0.9994261458333333,1.5625e-06,0.0005722916666666667
0.9994247916666668,1.3541666666666665e-06,0.0005738541666666666
0.999423125,1.6666666666666667e-06,0.0005752083333333334
0.9994210416666667,2.0833333333333334e-06,0.000576875
0.9994188541666668,2.1875e-06,0.0005789583333333333
0.9994164583333333,2.3958333333333334e-06,0.0005811458333333334
0.9994144791666667,1.9791666666666666e-06,0.0005835416666666667
0.9994125,1.9791666666666666e-06,0.0005855208333333334
0.9994107291666667,1.7708333333333335e-06,0.0005875
0.99940875,1.9791666666666666e-06,0.0005892708333333334
0.9994063541666667,2.3958333333333334e-06,0.00059125
0.9994036458333333,2.708333333333333e-06,0.0005936458333333334
0.9994009375,2.708333333333333e-06,0.0005963541666666667
0.9993985416666668,2.3958333333333334e-06,0.0005990625
0.999395625,2.916666666666667e-06,0.0006014583333333334
0.9993921875,3.4375e-06,0.000604375
0.9993889583333333,3.229166666666667e-06,0.0006078125
0.9993865625,2.3958333333333334e-06,0.0006110416666666666
0.9993825,4.0625e-06,0.0006134375
0.9993757291666667,6.770833333333334e-06,0.0006175
0.999365,1.0729166666666667e-05,0.0006242708333333333
0.9993525,1.25e-05,0.000635
0.9993377083333332,1.4791666666666668e-05,0.0006475
0.9993201041666667,1.7604166666666667e-05,0.0006622916666666667
0.9993009375,1.9166666666666667e-05,0.0006798958333333332
0.9992836458333333,1.7291666666666666e-05,0.0006990625
0.9992675,1.6145833333333334e-05,0.0007163541666666667
0.9992509375,1.65625e-05,0.0007325
0.9992301041666667,2.0833333333333336e-05,0.0007490625
0.9992034375,2.6666666666666667e-05,0.0007698958333333333
0.9991738541666667,2.9583333333333335e-05,0.0007965625
0.9991432291666668,3.0625e-05,0.0008261458333333332
0.9991164583333333,2.6770833333333335e-05,0.0008567708333333333
0.9990902083333333,2.625e-05,0.0008835416666666667
0.9990640625,2.6145833333333336e-05,0.0009097916666666667
0.9990352083333333,2.8854166666666666e-05,0.0009359375
0.9990028125,3.239583333333333e-05,0.0009647916666666667
0.9989694791666667,3.3333333333333335e-05,0.0009971875
0.9989409375,2.8541666666666665e-05,0.0010305208333333334
0.9989191666666667,2.1770833333333335e-05,0.0010590625
0.99890125,1.7916666666666667e-05,0.0010808333333333334
0.9988847916666667,1.645833333333333e-05,0.00109875
0.9988690625,1.572916666666667e-05,0.0011152083333333333
0.9988548958333333,1.4166666666666668e-05,0.0011309375
0.9988416666666667,1.3229166666666667e-05,0.0011451041666666667
0.99883,1.1666666666666668e-05,0.0011583333333333333
0.9988207291666668,9.270833333333334e-06,0.00117
0.9988136458333333,7.083333333333334e-06,0.0011792708333333334
0.998808125,5.520833333333334e-06,0.0011863541666666667
0.9988033333333333,4.791666666666667e-06,0.001191875
0.998798125,5.208333333333334e-06,0.0011966666666666666
0.9987926041666667,5.520833333333334e-06,0.001201875
0.9987870833333333,5.520833333333334e-06,0.0012073958333333333
0.9987815625,5.520833333333334e-06,0.0012129166666666666
0.9987779166666667,3.6458333333333333e-06,0.0012184375
0.9987746875,3.229166666666667e-06,0.0012220833333333333
0.9987733333333333,1.3541666666666665e-06,0.0012253125
0.9987717708333332,1.5625e-06,0.0012266666666666667
0.998770625,1.1458333333333333e-06,0.0012282291666666667
0.9987690625,1.5625e-06,0.001229375
0.9987677083333333,1.3541666666666665e-06,0.0012309375
0.9987661458333332,1.5625e-06,0.0012322916666666667
0.9987648958333333,1.25e-06,0.0012338541666666667
0.9987635416666667,1.3541666666666665e-06,0.0012351041666666667
0.9987622916666667,1.25e-06,0.0012364583333333333
0.99876,2.2916666666666666e-06,0.0012377083333333333
0.9987576041666667,2.3958333333333334e-06,0.00124
0.9987547916666667,2.8125e-06,0.0012423958333333332
0.9987527083333333,2.0833333333333334e-06,0.0012452083333333332
0.9987503125,2.3958333333333334e-06,0.0012472916666666667
0.9987467708333333,3.541666666666667e-06,0.0012496875
0.9987394791666667,7.291666666666667e-06,0.0012532291666666668
0.9987285416666667,1.09375e-05,0.0012605208333333333
0.9987148958333333,1.3645833333333332e-05,0.0012714583333333332
0.9987007291666667,1.4166666666666668e-05,0.0012851041666666666
0.9986858333333333,1.4895833333333332e-05,0.0012992708333333335
0.9986701041666667,1.572916666666667e-05,0.0013141666666666666
0.9986519791666667,1.8125e-05,0.0013298958333333333
0.9986332291666667,1.875e-05,0.0013480208333333334
0.9986130208333333,2.0208333333333334e-05,0.0013667708333333333
0.9985927083333332,2.03125e-05,0.0013869791666666666
0.9985695833333332,2.3125e-05,0.0014072916666666665
0.99854625,2.3333333333333336e-05,0.0014304166666666666
0.9985207291666667,2.5520833333333335e-05,0.00145375
0.9984897916666667,3.09375e-05,0.0014792708333333335
0.9984575,3.229166666666667e-05,0.0015102083333333335
0.9984252083333333,3.229166666666667e-05,0.0015425
0.9983965625,2.8645833333333336e-05,0.0015747916666666666
0.9983666666666667,2.9895833333333336e-05,0.0016034375
0.9983395833333333,2.7083333333333335e-05,0.0016333333333333334
0.9983173958333332,2.21875e-05,0.0016604166666666666
0.9983008333333333,1.65625e-05,0.0016826041666666667
0.9982873958333333,1.34375e-05,0.0016991666666666665
0.9982755208333333,1.1875e-05,0.0017126041666666665
0.9982636458333333,1.1875e-05,0.0017244791666666665
0.9982517708333333,1.1875e-05,0.0017363541666666666
0.9982392708333333,1.25e-05,0.0017482291666666666
0.9982286458333333,1.0625e-05,0.0017607291666666665
0.998219375,9.270833333333334e-06,0.0017713541666666665
0.9982120833333333,7.291666666666667e-06,0.001780625
0.9982052083333333,6.875e-06,0.0017879166666666666
0.9981982291666667,6.979166666666667e-06,0.0017947916666666665
0.9981914583333333,6.770833333333334e-06,0.0018017708333333334
0.9981847916666667,6.666666666666667e-06,0.0018085416666666666
0.9981782291666668,6.5625e-06,0.0018152083333333334
0.9981719791666667,6.25e-06,0.0018217708333333334
0.9981661458333333,5.833333333333334e-06,0.0018280208333333334
0.9981597916666667,6.354166666666667e-06,0.0018338541666666666
0.9981538541666667,5.9375e-06,0.0018402083333333335
0.9981475,6.354166666666667e-06,0.0018461458333333335
0.9981422916666667,5.208333333333334e-06,0.0018525
0.9981369791666667,5.3125e-06,0.0018577083333333334
0.9981321875,4.791666666666667e-06,0.0018630208333333335
0.9981271875,5e-06,0.0018678125
0.9981216666666667,5.520833333333334e-06,0.0018728125
0.9981153125,6.354166666666667e-06,0.0018783333333333334
0.9981090625,6.25e-06,0.0018846875
0.9981032291666667,5.833333333333334e-06,0.0018909375
0.9980976041666667,5.625e-06,0.0018967708333333334
0.9980917708333333,5.833333333333334e-06,0.0019023958333333334
0.9980855208333332,6.25e-06,0.0019082291666666666
0.99807875,6.770833333333334e-06,0.0019144791666666665
0.9980703125,8.4375e-06,0.00192125
0.9980570833333333,1.3229166666666667e-05,0.0019296875
0.9980388541666667,1.8229166666666668e-05,0.0019429166666666666
0.9980152083333332,2.3645833333333333e-05,0.0019611458333333334
0.9979901041666667,2.5104166666666666e-05,0.0019847916666666664
0.9979642708333333,2.5833333333333336e-05,0.0020098958333333336
0.9979390625,2.5208333333333334e-05,0.0020357291666666666
0.9979110416666667,2.8020833333333335e-05,0.0020609375
0.9978789583333333,3.208333333333333e-05,0.0020889583333333333
0.9978372916666667,4.166666666666667e-05,0.0021210416666666665
0.9977927083333333,4.458333333333333e-05,0.0021627083333333333
0.9977419791666667,5.072916666666667e-05,0.0022072916666666664
0.9976920833333333,4.989583333333333e-05,0.0022580208333333332
0.9976385416666668,5.354166666666667e-05,0.0023079166666666664
0.9975848958333333,5.364583333333333e-05,0.0023614583333333335
0.9975316666666667,5.322916666666667e-05,0.0024151041666666665
0.9974784375,5.322916666666667e-05,0.0024683333333333332
0.9974227083333332,5.572916666666667e-05,0.0025215625
0.9973645833333333,5.8125e-05,0.002577291666666667
0.9973108333333333,5.375e-05,0.002635416666666667
0.9972690625,4.177083333333333e-05,0.002689166666666667
0.9972380208333332,3.1041666666666665e-05,0.0027309375
0.9972128125,2.5208333333333334e-05,0.002761979166666667
0.9971852083333332,2.7604166666666666e-05,0.0027871875
0.9971548958333333,3.03125e-05,0.002814791666666667
0.9971214583333333,3.34375e-05,0.002845104166666667
0.9970934375,2.8020833333333335e-05,0.002878541666666667
0.9970707291666667,2.2708333333333334e-05,0.0029065625
0.997051875,1.8854166666666666e-05,0.002929270833333333
0.9970344791666668,1.7395833333333334e-05,0.002948125
0.9970178125,1.6666666666666667e-05,0.002965520833333333
0.9970003125,1.75e-05,0.0029821875
0.9969822916666667,1.8020833333333332e-05,0.0029996875
0.9969647916666667,1.75e-05,0.003017708333333333
0.9969516666666667,1.3125e-05,0.0030352083333333333
0.9969402083333333,1.1458333333333332e-05,0.003048333333333333
0.9969295833333333,1.0625e-05,0.003059791666666667
0.9969188541666667,1.0729166666666667e-05,0.003070416666666667
0.996908125,1.0729166666666667e-05,0.0030811458333333333
0.9968972916666667,1.0833333333333332e-05,0.003091875
0.9968863541666667,1.09375e-05,0.003102708333333333
0.9968754166666667,1.09375e-05,0.0031136458333333333
0.9968647916666667,1.0625e-05,0.003124583333333333
0.9968540625,1.0729166666666667e-05,0.003135208333333333
0.99684375,1.03125e-05,0.0031459375
0.9968325,1.125e-05,0.00315625
0.9968194791666667,1.3020833333333332e-05,0.0031675
0.9968047916666667,1.46875e-05,0.003180520833333333
0.9967884375,1.6354166666666667e-05,0.0031952083333333333
0.9967720833333333,1.6354166666666667e-05,0.0032115625
0.9967547916666667,1.7291666666666666e-05,0.0032279166666666667
0.9967366666666667,1.8125e-05,0.003245208333333333
0.9967161458333332,2.0520833333333335e-05,0.003263333333333333
0.9966934375,2.2708333333333334e-05,0.0032838541666666667
0.99667125,2.21875e-05,0.0033065625
0.9966459375,2.53125e-05,0.00332875
0.9966184375,2.75e-05,0.0033540625
0.9965870833333332,3.1354166666666665e-05,0.0033815625
0.9965569791666667,3.0104166666666665e-05,0.003412916666666667
0.9965265625,3.0416666666666666e-05,0.003443020833333333
0.9964973958333333,2.9166666666666666e-05,0.0034734375
0.9964691666666667,2.8229166666666664e-05,0.003502604166666667
0.9964429166666667,2.625e-05,0.0035308333333333333
0.996414375,2.8541666666666665e-05,0.003557083333333333
0.9963852083333333,2.9166666666666666e-05,0.003585625
0.9963554166666667,2.9791666666666665e-05,0.0036147916666666668
0.9963257291666667,2.96875e-05,0.003644583333333333
0.9962975,2.8229166666666664e-05,0.003674270833333333
0.9962713541666667,2.6145833333333336e-05,0.0037025
0.9962464583333333,2.4895833333333333e-05,0.003728645833333333
0.99622,2.6458333333333334e-05,0.0037535416666666667
0.9961926041666667,2.7395833333333336e-05,0.00378
0.996166875,2.5729166666666664e-05,0.003807395833333333
0.9961433333333333,2.3541666666666665e-05,0.003833125
0.9961209375,2.2395833333333333e-05,0.0038566666666666667
0.9960997916666667,2.1145833333333333e-05,0.0038790625
0.99608,1.979166666666667e-05,0.0039002083333333332
0.9960605208333333,1.9479166666666668e-05,0.00392
0.9960411458333333,1.9375e-05,0.003939479166666667
0.9960205208333333,2.0625e-05,0.003958854166666667
0.9960011458333333,1.9375e-05,0.003979479166666667
0.9959854166666667,1.572916666666667e-05,0.003998854166666667
0.995974375,1.1041666666666668e-05,0.0040145833333333335
0.9959652083333332,9.166666666666666e-06,0.004025625
0.9959560416666667,9.166666666666666e-06,0.0040347916666666666
0.9959472916666667,8.75e-06,0.004043958333333333
0.9959403125,6.979166666666667e-06,0.0040527083333333335
0.995935,5.3125e-06,0.0040596875
0.9959308333333333,4.166666666666667e-06,0.004065
0.9959264583333333,4.375e-06,0.004069166666666667
0.9959219791666667,4.479166666666667e-06,0.004073541666666667
0.9959164583333333,5.520833333333334e-06,0.004078020833333333
0.9959098958333333,6.5625e-06,0.004083541666666667
0.9959035416666667,6.354166666666667e-06,0.004090104166666667
0.9958977083333332,5.833333333333334e-06,0.004096458333333333
0.9958917708333332,5.9375e-06,0.004102291666666667
0.9958835416666667,8.229166666666666e-06,0.004108229166666667
0.9958753125,8.229166666666666e-06,0.004116458333333333
0.9958673958333333,7.916666666666667e-06,0.0041246875
0.9958609375,6.458333333333334e-06,0.004132604166666667
0.9958523958333333,8.541666666666666e-06,0.0041390625
0.9958434375,8.958333333333334e-06,0.004147604166666667
0.9958336458333333,9.791666666666666e-06,0.0041565625
0.9958233333333333,1.03125e-05,0.004166354166666667
0.9958121875,1.1145833333333333e-05,0.004176666666666667
0.9958014583333333,1.0729166666666667e-05,0.0041878125
0.9957908333333333,1.0625e-05,0.004198541666666667
0.9957798958333333,1.09375e-05,0.004209166666666667
0.9957692708333333,1.0625e-05,0.004220104166666667
0.9957585416666667,1.0729166666666667e-05,0.0042307291666666665
0.9957473958333333,1.1145833333333333e-05,0.004241458333333333
0.9957346875,1.2708333333333333e-05,0.004252604166666667
0.9957225,1.21875e-05,0.0042653125
0.9957097916666667,1.2708333333333333e-05,0.0042775
0.9956964583333333,1.3333333333333333e-05,0.004290208333333333
0.9956808333333332,1.5625e-05,0.0043035416666666665
0.995663125,1.770833333333333e-05,0.0043191666666666665
0.9956421875,2.09375e-05,0.004336875
0.9956192708333332,2.2916666666666664e-05,0.0043578125
0.9955953125,2.3958333333333334e-05,0.0043807291666666665
0.9955730208333333,2.2291666666666665e-05,0.0044046875
0.9955535416666668,1.9479166666666668e-05,0.004426979166666667
0.995535625,1.7916666666666667e-05,0.0044464583333333335
0.9955197916666667,1.5833333333333333e-05,0.004464375
0.9955035416666668,1.625e-05,0.0044802083333333334
0.995489375,1.4166666666666668e-05,0.004496458333333333
0.9954759375,1.34375e-05,0.004510625
0.995463125,1.28125e-05,0.0045240625
0.9954508333333333,1.2291666666666668e-05,0.004536875
0.9954365625,1.4270833333333332e-05,0.004549166666666667
0.995421875,1.46875e-05,0.0045634375
0.99540625,1.5625e-05,0.004578125
0.9953923958333333,1.3854166666666667e-05,0.00459375
0.9953795833333333,1.28125e-05,0.004607604166666667
0.9953670833333332,1.25e-05,0.004620416666666667
0.9953542708333333,1.28125e-05,0.004632916666666667
0.9953421875,1.2083333333333333e-05,0.004645729166666667
0.9953313541666667,1.0833333333333332e-05,0.0046578125
0.9953221875,9.166666666666666e-06,0.004668645833333333
0.9953132291666668,8.958333333333334e-06,0.0046778125
0.9953053125,7.916666666666667e-06,0.004686770833333333
0.9952972916666667,8.020833333333333e-06,0.0046946875
0.9952905208333332,6.770833333333334e-06,0.004702708333333333
0.9952838541666668,6.666666666666667e-06,0.0047094791666666665
0.9952767708333333,7.083333333333334e-06,0.0047161458333333335
0.9952704166666667,6.354166666666667e-06,0.004723229166666667
0.9952627083333333,7.708333333333334e-06,0.004729583333333333
0.9952525,1.0208333333333332e-05,0.0047372916666666666
0.9952385416666667,1.3958333333333333e-05,0.0047475
0.9952223958333333,1.6145833333333334e-05,0.004761458333333333
0.9952051041666667,1.7291666666666666e-05,0.004777604166666667
0.9951822916666667,2.28125e-05,0.004794895833333333
0.9951515625,3.0729166666666664e-05,0.0048177083333333336
0.9951158333333333,3.572916666666666e-05,0.0048484375
0.9950795833333332,3.625e-05,0.004884166666666667
0.9950441666666667,3.541666666666666e-05,0.004920416666666667
0.9950029166666667,4.125e-05,0.004955833333333333
0.9949583333333333,4.458333333333333e-05,0.004997083333333333
0.9949128125,4.552083333333333e-05,0.0050416666666666665
0.9948667708333333,4.604166666666667e-05,0.0050871875
0.9948202083333333,4.65625e-05,0.005133229166666666
0.9947669791666667,5.322916666666667e-05,0.005179791666666666
0.9947166666666667,5.03125e-05,0.0052330208333333334
0.994661875,5.479166666666667e-05,0.0052833333333333335
0.9946059375,5.59375e-05,0.005338125
0.9945425,6.34375e-05,0.0053940625
0.9944722916666667,7.020833333333334e-05,0.0054575
0.9943933333333332,7.895833333333333e-05,0.005527708333333334
0.9943135416666667,7.979166666666666e-05,0.005606666666666666
0.9942423958333333,7.114583333333333e-05,0.005686458333333333
0.9941844791666667,5.791666666666667e-05,0.005757604166666666
0.994135,4.947916666666667e-05,0.005815520833333334
0.9940808333333333,5.416666666666667e-05,0.005865
0.9940228125,5.802083333333333e-05,0.005919166666666666
0.9939603125,6.25e-05,0.0059771875
0.9939044791666667,5.583333333333333e-05,0.0060396875
0.9938577083333333,4.677083333333333e-05,0.006095520833333334
0.9938185416666667,3.9166666666666665e-05,0.0061422916666666666
0.9937830208333333,3.5520833333333334e-05,0.006181458333333334
0.9937495833333333,3.34375e-05,0.006216979166666667
0.9937175,3.208333333333333e-05,0.006250416666666666
0.9936878125,2.96875e-05,0.0062825
0.9936621875,2.5625e-05,0.0063121875
0.9936408333333333,2.1354166666666666e-05,0.0063378125
0.993625,1.5833333333333333e-05,0.006359166666666667
0.9936117708333333,1.3229166666666667e-05,0.006375
0.9936022916666667,9.479166666666666e-06,0.006388229166666666
0.9935932291666667,9.0625e-06,0.006397708333333333
0.9935860416666668,7.1875e-06,0.006406770833333334
0.9935782291666667,7.8125e-06,0.006413958333333334
0.9935716666666667,6.5625e-06,0.006421770833333334
0.993564375,7.291666666666667e-06,0.006428333333333334
0.9935577083333332,6.666666666666667e-06,0.006435625
0.9935523958333333,5.3125e-06,0.0064422916666666665
0.9935483333333333,4.0625e-06,0.006447604166666667
0.9935454166666667,2.916666666666667e-06,0.006451666666666666
0.9935425,2.916666666666667e-06,0.006454583333333334
0.9935394791666667,3.0208333333333334e-06,0.0064575
0.9935361458333333,3.3333333333333333e-06,0.006460520833333334
0.9935325,3.6458333333333333e-06,0.006463854166666666
0.993526875,5.625e-06,0.0064675
0.9935204166666667,6.458333333333334e-06,0.006473125
0.9935113541666667,9.0625e-06,0.006479583333333334
0.9935005208333333,1.0833333333333332e-05,0.006488645833333334
0.99348875,1.1770833333333333e-05,0.006499479166666666
0.993478125,1.0625e-05,0.00651125
0.9934688541666667,9.270833333333334e-06,0.006521875
0.9934595833333333,9.270833333333334e-06,0.006531145833333334
0.9934477083333333,1.1875e-05,0.006540416666666667
0.9934330208333333,1.46875e-05,0.006552291666666666
0.9934155208333333,1.75e-05,0.006566979166666666
0.9933985416666667,1.6979166666666668e-05,0.006584479166666666
0.9933838541666667,1.46875e-05,0.006601458333333333
0.993370625,1.3229166666666667e-05,0.006616145833333334
0.9933558333333333,1.4791666666666668e-05,0.006629375
0.9933390625,1.6770833333333332e-05,0.006644166666666666
0.993321875,1.71875e-05,0.0066609375
0.9933052083333332,1.6666666666666667e-05,0.006678125
0.993289375,1.5833333333333333e-05,0.006694791666666667
0.9932729166666667,1.645833333333333e-05,0.006710625
0.9932558333333333,1.7083333333333333e-05,0.006727083333333334
0.9932366666666668,1.9166666666666667e-05,0.0067441666666666665
0.9932169791666667,1.96875e-05,0.006763333333333334
0.993199375,1.7604166666666667e-05,0.006783020833333334
0.9931836458333333,1.572916666666667e-05,0.006800625
0.99317,1.3645833333333332e-05,0.006816354166666666
0.9931573958333333,1.2604166666666667e-05,0.00683
0.9931471875,1.0208333333333332e-05,0.006842604166666666
0.9931382291666667,8.958333333333334e-06,0.0068528125
0.9931298958333333,8.333333333333334e-06,0.0068617708333333334
0.9931208333333332,9.0625e-06,0.006870104166666667
0.993111875,8.958333333333334e-06,0.006879166666666666
0.9931015625,1.03125e-05,0.006888125
0.9930920833333333,9.479166666666666e-06,0.0068984375
0.9930815625,1.0520833333333333e-05,0.006907916666666666
0.9930716666666667,9.895833333333334e-06,0.0069184375
0.9930619791666667,9.6875e-06,0.006928333333333334
0.99305375,8.229166666666666e-06,0.006938020833333333
0.9930463541666668,7.395833333333334e-06,0.00694625
0.9930389583333333,7.395833333333334e-06,0.006953645833333333
0.9930317708333333,7.1875e-06,0.006961041666666667
0.9930260416666667,5.729166666666666e-06,0.006968229166666666
0.9930207291666667,5.3125e-06,0.006973958333333334
0.99301625,4.479166666666667e-06,0.006979270833333334
0.99301125,5e-06,0.00698375
0.9930067708333333,4.479166666666667e-06,0.00698875
0.9930023958333333,4.375e-06,0.006993229166666667
0.9929989583333333,3.4375e-06,0.006997604166666666
0.9929961458333333,2.8125e-06,0.007001041666666667
0.99299375,2.3958333333333334e-06,0.007003854166666666
0.9929917708333332,1.9791666666666666e-06,0.00700625
0.992989375,2.3958333333333334e-06,0.007008229166666666
0.9929873958333333,1.9791666666666666e-06,0.007010625
0.992985,2.3958333333333334e-06,0.007012604166666666
0.9929830208333332,1.9791666666666666e-06,0.007015
0.9929797916666667,3.229166666666667e-06,0.007016979166666666
0.9929754166666667,4.375e-06,0.007020208333333334
0.9929696875,5.729166666666666e-06,0.007024583333333334
0.9929633333333333,6.354166666666667e-06,0.0070303125
0.9929558333333333,7.5e-06,0.007036666666666666
0.992946875,8.958333333333334e-06,0.0070441666666666665
0.9929364583333333,1.0416666666666668e-05,0.007053125
0.9929239583333332,1.25e-05,0.007063541666666666
0.992909375,1.4583333333333333e-05,0.007076041666666666
0.9928928125,1.65625e-05,0.007090625
0.9928771875,1.5625e-05,0.0071071875
0.9928615625,1.5625e-05,0.0071228125
0.992844375,1.71875e-05,0.0071384375
0.9928247916666667,1.9583333333333333e-05,0.007155625
0.9928052083333333,1.9583333333333333e-05,0.007175208333333334
0.9927858333333333,1.9375e-05,0.007194791666666666
0.992766875,1.895833333333333e-05,0.0072141666666666665
0.9927473958333333,1.9479166666666668e-05,0.007233125
0.9927254166666667,2.1979166666666664e-05,0.007252604166666666
0.9927016666666667,2.375e-05,0.007274583333333333
0.9926770833333333,2.4583333333333336e-05,0.007298333333333334
0.992654375,2.2708333333333334e-05,0.007322916666666666
0.9926317708333333,2.2604166666666666e-05,0.007345625
0.9926111458333333,2.0625e-05,0.007368229166666666
0.9925909375,2.0208333333333334e-05,0.007388854166666666
0.9925723958333332,1.854166666666667e-05,0.0074090625
0.9925538541666667,1.854166666666667e-05,0.0074276041666666666
0.9925382291666667,1.5625e-05,0.007446145833333334
0.9925241666666668,1.40625e-05,0.007461770833333334
0.9925091666666667,1.5e-05,0.0074758333333333335
0.9924946875,1.4479166666666667e-05,0.007490833333333334
0.9924801041666668,1.4583333333333333e-05,0.0075053125
0.9924685416666668,1.15625e-05,0.007519895833333333
0.9924577083333332,1.0833333333333332e-05,0.007531458333333334
0.9924486458333333,9.0625e-06,0.007542291666666666
0.9924397916666667,8.854166666666666e-06,0.007551354166666666
0.9924314583333332,8.333333333333334e-06,0.007560208333333334
0.9924244791666668,6.979166666666667e-06,0.007568541666666666
0.9924190625,5.416666666666666e-06,0.007575520833333333
0.992414375,4.6875e-06,0.0075809375
0.9924098958333333,4.479166666666667e-06,0.007585625
0.9924055208333333,4.375e-06,0.007590104166666666
0.9924005208333333,5e-06,0.007594479166666666
0.9923953125,5.208333333333334e-06,0.007599479166666667
0.9923902083333332,5.104166666666666e-06,0.0076046875
0.9923860416666667,4.166666666666667e-06,0.007609791666666667
0.9923819791666667,4.0625e-06,0.007613958333333334
0.9923784375,3.541666666666667e-06,0.007618020833333333
0.9923752083333333,3.229166666666667e-06,0.0076215625
0.992371875,3.3333333333333333e-06,0.007624791666666666
0.992368125,3.75e-06,0.007628125
0.9923641666666667,3.958333333333333e-06,0.007631875
0.9923602083333333,3.958333333333333e-06,0.007635833333333334
0.9923557291666667,4.479166666666667e-06,0.007639791666666666
0.9923508333333333,4.895833333333333e-06,0.007644270833333334
0.9923460416666667,4.791666666666667e-06,0.007649166666666666
0.9923417708333333,4.270833333333333e-06,0.007653958333333334
0.9923353125,6.458333333333334e-06,0.0076582291666666665
0.9923272916666667,8.020833333333333e-06,0.0076646875
0.9923169791666667,1.03125e-05,0.0076727083333333335
0.992305,1.1979166666666667e-05,0.007683020833333333
0.9922898958333333,1.5104166666666667e-05,0.007695
0.9922684375,2.1458333333333334e-05,0.007710104166666666
0.9922441666666667,2.4270833333333335e-05,0.0077315625
0.9922194791666668,2.46875e-05,0.007755833333333333
0.9921979166666667,2.15625e-05,0.007780520833333334
0.9921780208333333,1.9895833333333334e-05,0.007802083333333334
0.992155625,2.2395833333333333e-05,0.007821979166666666
0.9921307291666667,2.4895833333333333e-05,0.007844375
0.9920992708333333,3.145833333333334e-05,0.007869270833333334
0.9920629166666667,3.6354166666666665e-05,0.007900729166666667
0.9920248958333333,3.8020833333333334e-05,0.007937083333333334
0.9919922916666667,3.260416666666666e-05,0.007975104166666667
0.9919663541666667,2.59375e-05,0.008007708333333334
0.991943125,2.3229166666666664e-05,0.008033645833333334
0.9919189583333333,2.4166666666666667e-05,0.008056875
0.9918917708333332,2.71875e-05,0.008081041666666667
0.9918630208333333,2.875e-05,0.008108229166666666
0.9918334375,2.9583333333333335e-05,0.008136979166666666
0.9918045833333333,2.8854166666666666e-05,0.0081665625
0.9917755208333333,2.90625e-05,0.008195416666666667
0.9917459375,2.9583333333333335e-05,0.008224479166666666
0.9917178125,2.8125e-05,0.0082540625
0.9916890625,2.875e-05,0.0082821875
0.9916582291666667,3.0833333333333335e-05,0.0083109375
0.9916227083333333,3.5520833333333334e-05,0.008341770833333333
0.9915872916666667,3.541666666666666e-05,0.008377291666666667
0.991555625,3.1666666666666666e-05,0.008412708333333335
0.9915258333333333,2.9791666666666665e-05,0.008444375
0.9914989583333332,2.6875e-05,0.008474166666666666
0.9914726041666667,2.6354166666666666e-05,0.008501041666666665
0.9914503125,2.2291666666666665e-05,0.008527395833333333
0.99142875,2.15625e-05,0.0085496875
0.9914084375,2.03125e-05,0.00857125
0.9913898958333333,1.854166666666667e-05,0.0085915625
0.9913710416666667,1.8854166666666666e-05,0.008610104166666667
0.9913517708333333,1.9270833333333332e-05,0.008628958333333334
0.9913308333333333,2.09375e-05,0.008648229166666667
0.9913094791666667,2.1354166666666666e-05,0.008669166666666667
0.9912873958333333,2.2083333333333336e-05,0.008690520833333333
0.9912635416666667,2.3854166666666666e-05,0.008712604166666667
0.9912369791666668,2.65625e-05,0.008736458333333334
0.9912059375,3.1041666666666665e-05,0.008763020833333334
0.9911698958333333,3.6041666666666664e-05,0.0087940625
0.9911280208333333,4.1875e-05,0.008830104166666667
0.9910788541666667,4.916666666666667e-05,0.008871979166666667
0.9910233333333333,5.552083333333333e-05,0.008921145833333333
0.9909653125,5.802083333333333e-05,0.008976666666666666
0.9909026041666668,6.270833333333333e-05,0.0090346875
0.9908304166666667,7.21875e-05,0.009097395833333334
0.9907520833333333,7.833333333333333e-05,0.009169583333333333
0.9906759375,7.614583333333333e-05,0.009247916666666666
0.9906125,6.34375e-05,0.0093240625
0.990558125,5.4375e-05,0.0093875
0.9905157291666667,4.239583333333333e-05,0.009441875
0.9904860416666668,2.96875e-05,0.009484270833333334
0.9904670833333333,1.895833333333333e-05,0.009513958333333334
0.9904514583333333,1.5625e-05,0.009532916666666667
0.9904315625,1.9895833333333334e-05,0.009548541666666667
0.9904061458333333,2.5416666666666667e-05,0.0095684375
0.99037875,2.7395833333333336e-05,0.009593854166666665
0.9903523958333332,2.6354166666666666e-05,0.00962125
0.9903284375,2.3958333333333334e-05,0.009647604166666665
0.9903070833333333,2.1354166666666666e-05,0.0096715625
0.9902857291666667,2.1354166666666666e-05,0.009692916666666666
0.9902642708333332,2.1458333333333334e-05,0.009714270833333333
0.990239375,2.4895833333333333e-05,0.009735729166666667
0.9902147916666667,2.4583333333333336e-05,0.009760625
0.9901908333333332,2.3958333333333334e-05,0.009785208333333333
0.990168125,2.2708333333333334e-05,0.009809166666666666
0.990145625,2.25e-05,0.009831875
0.9901242708333333,2.1354166666666666e-05,0.009854375
0.9901053125,1.895833333333333e-05,0.009875729166666666
0.9900861458333333,1.9166666666666667e-05,0.0098946875
0.990065,2.1145833333333333e-05,0.009913854166666666
0.990044375,2.0625e-05,0.009935
0.9900253125,1.90625e-05,0.009955625
0.9900095833333333,1.572916666666667e-05,0.0099746875
0.989995625,1.3958333333333333e-05,0.009990416666666667
0.9899828125,1.28125e-05,0.010004375
0.9899704166666667,1.2395833333333333e-05,0.0100171875
0.9899585416666667,1.1875e-05,0.010029583333333333
0.9899495833333333,8.958333333333334e-06,0.010041458333333335
0.9899434375,6.145833333333334e-06,0.010050416666666666
0.9899379166666668,5.520833333333334e-06,0.0100565625
0.9899327083333332,5.208333333333334e-06,0.010062083333333334
0.9899275,5.208333333333334e-06,0.010067291666666667
0.9899226041666667,4.895833333333333e-06,0.0100725
0.9899172916666668,5.3125e-06,0.010077395833333334
0.9899125,4.791666666666667e-06,0.010082708333333334
0.9899084375,4.0625e-06,0.0100875
0.9899033333333332,5.104166666666666e-06,0.0100915625
0.9898977083333332,5.625e-06,0.010096666666666667
0.9898922916666667,5.416666666666666e-06,0.010102291666666666
0.9898877083333333,4.583333333333333e-06,0.010107708333333333
0.9898833333333333,4.375e-06,0.010112291666666667
0.9898791666666668,4.166666666666667e-06,0.010116666666666666
0.989874375,4.791666666666667e-06,0.010120833333333334
0.9898692708333333,5.104166666666666e-06,0.010125625
0.9898632291666667,6.041666666666667e-06,0.010130729166666666
0.9898577083333333,5.520833333333334e-06,0.010136770833333334
0.9898507291666667,6.979166666666667e-06,0.010142291666666666
0.9898425,8.229166666666666e-06,0.010149270833333333
0.9898317708333333,1.0729166666666667e-05,0.0101575
0.989819375,1.2395833333333333e-05,0.010168229166666666
0.9898073958333333,1.1979166666666667e-05,0.010180625
0.9897970833333333,1.03125e-05,0.010192604166666666
0.9897863541666667,1.0729166666666667e-05,0.010202916666666666
0.9897716666666667,1.46875e-05,0.010213645833333333
0.9897527083333333,1.895833333333333e-05,0.010228333333333334
0.9897334375,1.9270833333333332e-05,0.010247291666666667
0.9897147916666668,1.8645833333333334e-05,0.0102665625
0.9896990625,1.572916666666667e-05,0.010285208333333332
0.9896836458333332,1.5416666666666668e-05,0.0103009375
0.9896669791666667,1.6666666666666667e-05,0.010316354166666668
0.9896490625,1.7916666666666667e-05,0.010333020833333333
0.9896316666666667,1.7395833333333334e-05,0.0103509375
0.9896165625,1.5104166666666667e-05,0.010368333333333332
0.9896021875,1.4375e-05,0.0103834375
0.9895873958333333,1.4791666666666668e-05,0.0103978125
0.989574375,1.3020833333333332e-05,0.010412604166666667
0.989563125,1.125e-05,0.010425625
0.9895544791666667,8.645833333333333e-06,0.010436875
0.9895470833333333,7.395833333333334e-06,0.010445520833333333
0.9895403125,6.770833333333334e-06,0.010452916666666668
0.9895334375,6.875e-06,0.0104596875
0.9895265625,6.875e-06,0.0104665625
0.9895192708333332,7.291666666666667e-06,0.0104734375
0.9895136458333332,5.625e-06,0.010480729166666668
0.9895091666666667,4.479166666666667e-06,0.010486354166666668
0.98950625,2.916666666666667e-06,0.010490833333333333
0.9895035416666668,2.708333333333333e-06,0.01049375
0.9895013541666667,2.1875e-06,0.010496458333333333
0.9894995833333333,1.7708333333333335e-06,0.010498645833333332
0.9894978125,1.7708333333333335e-06,0.010500416666666667
0.9894961458333332,1.6666666666666667e-06,0.0105021875
0.9894948958333333,1.25e-06,0.010503854166666668
0.9894940625,8.333333333333333e-07,0.010505104166666668
0.989493125,9.375e-07,0.0105059375
0.9894919791666668,1.1458333333333333e-06,0.010506875
0.9894909375,1.0416666666666667e-06,0.010508020833333333
0.9894901041666667,8.333333333333333e-07,0.0105090625
0.989489375,7.291666666666667e-07,0.010509895833333333
